48

0 0.18329 0.15 0.4645 0.442 -0.4828 0.5546 0.6777
-0.210575 0 0.15 0.44 0.563 -0.4828 0.5546 0.6777
0 0 0.3 0.4367 0.3545 -0.4828 0.5546 0.6777
-0.210575 0 0.15 0.4897 0.5287 -0.6538 0.7511 -0.0916
0 0.18329 0.15 0.5122 0.4237 -0.6538 0.7511 -0.0916
-0.168551 0 -0.15 0.5315 0.5609 -0.6538 0.7511 -0.0916
0 0.15625 -0.15 0.4903 0.5398 -0.6662 0.7186 -0.1993
0 -0 -0.713372 0.5149 0.3963 -0.6662 0.7186 -0.1993
-0.168551 0 -0.15 0.5374 0.5272 -0.6662 0.7186 -0.1993
0.195836 -0 0.15 0.4287 0.3604 0.5099 0.5448 0.6657
0 0.18329 0.15 0.4581 0.5676 0.5099 0.5448 0.6657
0 0 0.3 0.4453 0.5501 0.5099 0.5448 0.6657
0.195836 -0 0.15 0.5164 0.5431 0.6809 0.7275 -0.0841
0.158773 -0 -0.15 0.4822 0.5444 0.6809 0.7275 -0.0841
0 0.18329 0.15 0.5214 0.4828 0.6809 0.7275 -0.0841
0.158773 -0 -0.15 0.4917 0.5406 0.6881 0.6992 -0.1939
0 -0 -0.713372 0.5162 0.4068 0.6881 0.6992 -0.1939
0 0.15625 -0.15 0.5337 0.5197 0.6881 0.6992 -0.1939
-0 -0.204352 0.15 0.4267 0.3592 0.5254 -0.5035 0.6859
0.195836 -0 0.15 0.4492 0.4428 0.5254 -0.5035 0.6859
0 0 0.3 0.4317 0.5617 0.5254 -0.5035 0.6859
-0 -0.204352 0.15 0.4878 0.5407 0.7172 -0.6873 -0.1146
-0 -0.154337 -0.15 0.492 0.3757 0.7172 -0.6873 -0.1146
0.195836 -0 0.15 0.5236 0.5382 0.7172 -0.6873 -0.1146
-0 -0.154337 -0.15 0.4993 0.4947 0.6839 -0.7036 -0.1928
0 -0 -0.713372 0.5212 0.396 0.6839 -0.7036 -0.1928
0.158773 -0 -0.15 0.5285 0.5547 0.6839 -0.7036 -0.1928
-0.210575 0 0.15 0.4517 0.4918 -0.498 -0.5131 0.6991
-0 -0.204352 0.15 0.4322 0.3948 -0.498 -0.5131 0.6991
0 0 0.3 0.4397 0.5797 -0.498 -0.5131 0.6991
-0 -0.204352 0.15 0.5366 0.5237 -0.6915 -0.7125 -0.1188
-0.210575 0 0.15 0.5042 0.5637 -0.6915 -0.7125 -0.1188
-0 -0.154337 -0.15 0.5261 0.4136 -0.6915 -0.7125 -0.1188
-0.168551 0 -0.15 0.4881 0.5422 -0.662 -0.7229 -0.198
0 -0 -0.713372 0.5096 0.403 -0.662 -0.7229 -0.198
-0 -0.154337 -0.15 0.5161 0.5222 -0.662 -0.7229 -0.198
0 0.18329 0.15 0.5122 0.4237 -0.6784 0.7318 -0.066
0 0.15625 -0.15 0.5335 0.4142 -0.6784 0.7318 -0.066
-0.168551 0 -0.15 0.5315 0.5609 -0.6784 0.7318 -0.066
0.158773 -0 -0.15 0.4822 0.5444 0.7 0.7113 -0.0641
0 0.15625 -0.15 0.5101 0.4264 0.7 0.7113 -0.0641
0 0.18329 0.15 0.5214 0.4828 0.7 0.7113 -0.0641
-0 -0.154337 -0.15 0.492 0.3757 0.6944 -0.7144 -0.0858
0.158773 -0 -0.15 0.5262 0.4239 0.6944 -0.7144 -0.0858
0.195836 -0 0.15 0.5236 0.5382 0.6944 -0.7144 -0.0858
-0.210575 0 0.15 0.5042 0.5637 -0.6723 -0.7342 -0.0942
-0.168551 0 -0.15 0.4831 0.4242 -0.6723 -0.7342 -0.0942
-0 -0.154337 -0.15 0.5261 0.4136 -0.6723 -0.7342 -0.0942
