36

20 -20 20 0.994 0.00749999 0 -1 -0
-20 -20 20 0.994 0.4958 0 -1 -0
20 -20 -20 0.5036 0.00749999 0 -1 -0
20 20 20 0.4902 0.00510001 0 1 0
20 20 -20 0.4906 0.4895 0 1 0
-20 20 20 0.0044 0.0054 0 1 0
20 -20 20 0.5053 0.9982 1 -0 -0
20 -20 -20 0.0023 0.9961 1 -0 -0
20 20 20 0.499 0.5036 1 -0 -0
-20 -20 20 0.4979 0.5094 -1 -0 0
-20 20 20 0.4958 0.9998 -1 -0 0
-20 -20 -20 -0.0009 0.5094 -1 -0 0
20 20 20 0.9982 1.0003 0 0 1
-20 20 20 0.4994 1.0003 0 0 1
20 -20 20 0.9961 0.5057 0 0 1
20 -20 -20 0.9999 0.9999 -0 -0 -1
-20 -20 -20 0.4999 1.0041 -0 -0 -1
20 20 -20 0.9957 0.5104 -0 -0 -1
-20 -20 20 0.994 0.4958 0 -1 -0
-20 -20 -20 0.5015 0.4979 0 -1 -0
20 -20 -20 0.5036 0.00749999 0 -1 -0
20 20 -20 0.4906 0.4895 0 1 0
-20 20 -20 0.0065 0.4916 0 1 0
-20 20 20 0.0044 0.0054 0 1 0
20 -20 -20 0.0023 0.9961 1 -0 -0
20 20 -20 0.0023 0.5036 1 -0 -0
20 20 20 0.499 0.5036 1 -0 -0
-20 20 20 0.4958 0.9998 -1 -0 0
-20 20 -20 0.0012 1.0019 -1 -0 0
-20 -20 -20 -0.0009 0.5094 -1 -0 0
-20 20 20 0.4994 1.0003 0 0 1
-20 -20 20 0.4994 0.5057 0 0 1
20 -20 20 0.9961 0.5057 0 0 1
-20 -20 -20 0.4999 1.0041 -0 -0 -1
-20 20 -20 0.4936 0.5083 -0 -0 -1
20 20 -20 0.9957 0.5104 -0 -0 -1
